a G
1.500000000000000000e+00 1.477143410422960268e-01
3.000000000000000000e+00 1.585725298475306189e-01
4.500000000000000000e+00 1.703002117685289973e-01
6.000000000000000000e+00 1.829620325249589341e-01
7.500000000000000000e+00 1.966277496955795567e-01
9.000000000000000000e+00 2.113728466522327154e-01
1.050000000000000000e+01 2.272792379623089498e-01
1.200000000000000000e+01 2.444360794721712193e-01
1.350000000000000000e+01 2.629406982924527014e-01
1.500000000000000000e+01 2.828996602737033350e-01
1.650000000000000000e+01 3.044299953630320021e-01
1.800000000000000000e+01 3.276606045583698723e-01
1.950000000000000000e+01 3.527338761383024268e-01
2.100000000000000000e+01 3.798075435757862772e-01
2.250000000000000000e+01 4.090568232085594058e-01
2.400000000000000000e+01 4.406768765392578002e-01
2.550000000000000000e+01 4.748856502224320653e-01
2.700000000000000000e+01 5.119271566694316711e-01
2.850000000000000000e+01 5.520752701443968347e-01
3.000000000000000000e+01 5.956381277044313638e-01
