a G
1.500000000000000000e+00 1.306470534111040249e-01
3.000000000000000000e+00 1.417800074531918586e-01
4.500000000000000000e+00 1.538256827496706225e-01
6.000000000000000000e+00 1.668527603569321671e-01
7.500000000000000000e+00 1.809398072154215775e-01
9.000000000000000000e+00 1.961705409854217208e-01
1.050000000000000000e+01 2.126361191488805036e-01
1.200000000000000000e+01 2.304316031599669690e-01
1.350000000000000000e+01 2.496650378249550273e-01
1.500000000000000000e+01 2.704500753632109733e-01
1.650000000000000000e+01 2.929096026082092519e-01
1.800000000000000000e+01 3.171851913207431872e-01
1.950000000000000000e+01 3.434220962048697423e-01
2.100000000000000000e+01 3.717861242590537740e-01
2.250000000000000000e+01 4.024635471977925927e-01
2.400000000000000000e+01 4.356554739472529580e-01
2.550000000000000000e+01 4.715892505817834146e-01
2.700000000000000000e+01 5.105180844601689971e-01
2.850000000000000000e+01 5.527176630104497779e-01
3.000000000000000000e+01 5.985158258845361123e-01
